0
1
2
4
8
16
32
64
128
256
512
4294966272
1
2
3
5
9
17
33
65
129
257
513
4294966273
2
3
4
6
10
18
34
66
130
258
514
4294966274
4
5
6
8
12
20
36
68
132
260
516
4294966276
8
9
10
12
16
24
40
72
136
264
520
4294966280
16
17
18
20
24
32
48
80
144
272
528
4294966288
32
33
34
36
40
48
64
96
160
288
544
4294966304
64
65
66
68
72
80
96
128
192
320
576
4294966336
128
129
130
132
136
144
160
192
256
384
640
4294966400
256
257
258
260
264
272
288
320
384
512
768
4294966528
512
513
514
516
520
528
544
576
640
768
1024
4294966784
1024
1025
1026
1028
1032
1040
1056
1088
1152
1280
1536
0
6
14
30
62
126
254
510
1022
2046
2046
