0
0
0
0
0
0
0
0
0
0
0
0
0
0
0
0
0
0
0
0
0
0
0
0
0
0
0
0
0
0
0
0
0
1
1
1
1
1
1
1
1
1
1
1
1
1
1
1
1
1
1
1
1
1
1
1
1
1
1
1
1
1
1
1
1
1
2
2
2
2
2
2
2
2
2
2
2
2
2
2
2
2
2
2
2
2
2
2
2
2
2
2
2
2
2
2
2
2
2
4
4
4
4
4
4
4
4
4
4
4
4
4
4
4
4
4
4
4
4
4
4
4
4
4
4
4
4
4
4
4
4
4
8
8
8
8
8
8
8
8
8
8
8
8
8
8
8
8
8
8
8
8
8
8
8
8
8
8
8
8
8
8
8
8
8
16
16
16
16
16
16
16
16
16
16
16
16
16
16
16
16
16
16
16
16
16
16
16
16
16
16
16
16
16
16
16
16
16
32
32
32
32
32
32
32
32
32
32
32
32
32
32
32
32
32
32
32
32
32
32
32
32
32
32
32
32
32
32
32
32
32
64
64
64
64
64
64
64
64
64
64
64
64
64
64
64
64
64
64
64
64
64
64
64
64
64
64
64
64
64
64
64
64
64
128
128
128
128
128
128
128
128
128
128
128
128
128
128
128
128
128
128
128
128
128
128
128
128
128
128
128
128
128
128
128
128
128
256
256
256
256
256
256
256
256
256
256
256
256
256
256
256
256
256
256
256
256
256
256
256
256
256
256
256
256
256
256
256
256
256
512
512
512
512
512
512
512
512
512
512
512
512
512
512
512
512
512
512
512
512
512
512
512
512
512
512
512
512
512
512
512
512
512
1024
1024
1024
1024
1024
1024
1024
1024
1024
1024
1024
1024
1024
1024
1024
1024
1024
1024
1024
1024
1024
1024
1024
1024
1024
1024
1024
1024
1024
1024
1024
1024
1024
2048
2048
2048
2048
2048
2048
2048
2048
2048
2048
2048
2048
2048
2048
2048
2048
2048
2048
2048
2048
2048
2048
2048
2048
2048
2048
2048
2048
2048
2048
2048
2048
2048
4096
4096
4096
4096
4096
4096
4096
4096
4096
4096
4096
4096
4096
4096
4096
4096
4096
4096
4096
4096
4096
4096
4096
4096
4096
4096
4096
4096
4096
4096
4096
4096
4096
8192
8192
8192
8192
8192
8192
8192
8192
8192
8192
8192
8192
8192
8192
8192
8192
8192
8192
8192
8192
8192
8192
8192
8192
8192
8192
8192
8192
8192
8192
8192
8192
8192
16384
16384
16384
16384
16384
16384
16384
16384
16384
16384
16384
16384
16384
16384
16384
16384
16384
16384
16384
16384
16384
16384
16384
16384
16384
16384
16384
16384
16384
16384
16384
16384
16384
32768
32768
32768
32768
32768
32768
32768
32768
32768
32768
32768
32768
32768
32768
32768
32768
32768
32768
32768
32768
32768
32768
32768
32768
32768
32768
32768
32768
32768
32768
32768
32768
32768
65536
65536
65536
65536
65536
65536
65536
65536
65536
65536
65536
65536
65536
65536
65536
65536
65536
65536
65536
65536
65536
65536
65536
65536
65536
65536
65536
65536
65536
65536
65536
65536
65536
131072
131072
131072
131072
131072
131072
131072
131072
131072
131072
131072
131072
131072
131072
131072
131072
131072
131072
131072
131072
131072
131072
131072
131072
131072
131072
131072
131072
131072
131072
131072
131072
131072
262144
262144
262144
262144
262144
262144
262144
262144
262144
262144
262144
262144
262144
262144
262144
262144
262144
262144
262144
262144
262144
262144
262144
262144
262144
262144
262144
262144
262144
262144
262144
262144
262144
524288
524288
524288
524288
524288
524288
524288
524288
524288
524288
524288
524288
524288
524288
524288
524288
524288
524288
524288
524288
524288
524288
524288
524288
524288
524288
524288
524288
524288
524288
524288
524288
524288
1048576
1048576
1048576
1048576
1048576
1048576
1048576
1048576
1048576
1048576
1048576
1048576
1048576
1048576
1048576
1048576
1048576
1048576
1048576
1048576
1048576
1048576
1048576
1048576
1048576
1048576
1048576
1048576
1048576
1048576
1048576
1048576
1048576
2097152
2097152
2097152
2097152
2097152
2097152
2097152
2097152
2097152
2097152
2097152
2097152
2097152
2097152
2097152
2097152
2097152
2097152
2097152
2097152
2097152
2097152
2097152
2097152
2097152
2097152
2097152
2097152
2097152
2097152
2097152
2097152
2097152
4194304
4194304
4194304
4194304
4194304
4194304
4194304
4194304
4194304
4194304
4194304
4194304
4194304
4194304
4194304
4194304
4194304
4194304
4194304
4194304
4194304
4194304
4194304
4194304
4194304
4194304
4194304
4194304
4194304
4194304
4194304
4194304
4194304
8388608
8388608
8388608
8388608
8388608
8388608
8388608
8388608
8388608
8388608
8388608
8388608
8388608
8388608
8388608
8388608
8388608
8388608
8388608
8388608
8388608
8388608
8388608
8388608
8388608
8388608
8388608
8388608
8388608
8388608
8388608
8388608
8388608
16777216
16777216
16777216
16777216
16777216
16777216
16777216
16777216
16777216
16777216
16777216
16777216
16777216
16777216
16777216
16777216
16777216
16777216
16777216
16777216
16777216
16777216
16777216
16777216
16777216
16777216
16777216
16777216
16777216
16777216
16777216
16777216
16777216
33554432
33554432
33554432
33554432
33554432
33554432
33554432
33554432
33554432
33554432
33554432
33554432
33554432
33554432
33554432
33554432
33554432
33554432
33554432
33554432
33554432
33554432
33554432
33554432
33554432
33554432
33554432
33554432
33554432
33554432
33554432
33554432
33554432
67108864
67108864
67108864
67108864
67108864
67108864
67108864
67108864
67108864
67108864
67108864
67108864
67108864
67108864
67108864
67108864
67108864
67108864
67108864
67108864
67108864
67108864
67108864
67108864
67108864
67108864
67108864
67108864
67108864
67108864
67108864
67108864
67108864
134217728
134217728
134217728
134217728
134217728
134217728
134217728
134217728
134217728
134217728
134217728
134217728
134217728
134217728
134217728
134217728
134217728
134217728
134217728
134217728
134217728
134217728
134217728
134217728
134217728
134217728
134217728
134217728
134217728
134217728
134217728
134217728
134217728
268435456
268435456
268435456
268435456
268435456
268435456
268435456
268435456
268435456
268435456
268435456
268435456
268435456
268435456
268435456
268435456
268435456
268435456
268435456
268435456
268435456
268435456
268435456
268435456
268435456
268435456
268435456
268435456
268435456
268435456
268435456
268435456
268435456
536870912
536870912
536870912
536870912
536870912
536870912
536870912
536870912
536870912
536870912
536870912
536870912
536870912
536870912
536870912
536870912
536870912
536870912
536870912
536870912
536870912
536870912
536870912
536870912
536870912
536870912
536870912
536870912
536870912
536870912
536870912
536870912
536870912
1073741824
1073741824
1073741824
1073741824
1073741824
1073741824
1073741824
1073741824
1073741824
1073741824
1073741824
1073741824
1073741824
1073741824
1073741824
1073741824
1073741824
1073741824
1073741824
1073741824
1073741824
1073741824
1073741824
1073741824
1073741824
1073741824
1073741824
1073741824
1073741824
1073741824
1073741824
1073741824
1073741824
2147483648
2147483648
2147483648
2147483648
2147483648
2147483648
2147483648
2147483648
2147483648
2147483648
2147483648
2147483648
2147483648
2147483648
2147483648
2147483648
2147483648
2147483648
2147483648
2147483648
2147483648
2147483648
2147483648
2147483648
2147483648
2147483648
2147483648
2147483648
2147483648
2147483648
2147483648
2147483648
2147483648
3
7
15
31
63
127
255
511
1023
2047
4095
8191
16383
32767
65535
131071
262143
524287
1048575
2097151
4194303
8388607
16777215
33554431
67108863
134217727
268435455
536870911
1073741823
2147483647
4294967295
