1
2
4
8
16
32
64
128
256
512
1024
2048
4096
8192
16384
32768
65536
131072
262144
524288
1048576
2097152
4194304
8388608
16777216
33554432
67108864
134217728
268435456
536870912
1073741824
2147483648
2
3
5
9
17
33
65
129
257
513
1025
2049
4097
8193
16385
32769
65537
131073
262145
524289
1048577
2097153
4194305
8388609
16777217
33554433
67108865
134217729
268435457
536870913
1073741825
2147483649
3
4
6
10
18
34
66
130
258
514
1026
2050
4098
8194
16386
32770
65538
131074
262146
524290
1048578
2097154
4194306
8388610
16777218
33554434
67108866
134217730
268435458
536870914
1073741826
2147483650
5
6
8
12
20
36
68
132
260
516
1028
2052
4100
8196
16388
32772
65540
131076
262148
524292
1048580
2097156
4194308
8388612
16777220
33554436
67108868
134217732
268435460
536870916
1073741828
2147483652
9
10
12
16
24
40
72
136
264
520
1032
2056
4104
8200
16392
32776
65544
131080
262152
524296
1048584
2097160
4194312
8388616
16777224
33554440
67108872
134217736
268435464
536870920
1073741832
2147483656
17
18
20
24
32
48
80
144
272
528
1040
2064
4112
8208
16400
32784
65552
131088
262160
524304
1048592
2097168
4194320
8388624
16777232
33554448
67108880
134217744
268435472
536870928
1073741840
2147483664
33
34
36
40
48
64
96
160
288
544
1056
2080
4128
8224
16416
32800
65568
131104
262176
524320
1048608
2097184
4194336
8388640
16777248
33554464
67108896
134217760
268435488
536870944
1073741856
2147483680
65
66
68
72
80
96
128
192
320
576
1088
2112
4160
8256
16448
32832
65600
131136
262208
524352
1048640
2097216
4194368
8388672
16777280
33554496
67108928
134217792
268435520
536870976
1073741888
2147483712
129
130
132
136
144
160
192
256
384
640
1152
2176
4224
8320
16512
32896
65664
131200
262272
524416
1048704
2097280
4194432
8388736
16777344
33554560
67108992
134217856
268435584
536871040
1073741952
2147483776
257
258
260
264
272
288
320
384
512
768
1280
2304
4352
8448
16640
33024
65792
131328
262400
524544
1048832
2097408
4194560
8388864
16777472
33554688
67109120
134217984
268435712
536871168
1073742080
2147483904
513
514
516
520
528
544
576
640
768
1024
1536
2560
4608
8704
16896
33280
66048
131584
262656
524800
1049088
2097664
4194816
8389120
16777728
33554944
67109376
134218240
268435968
536871424
1073742336
2147484160
1025
1026
1028
1032
1040
1056
1088
1152
1280
1536
2048
3072
5120
9216
17408
33792
66560
132096
263168
525312
1049600
2098176
4195328
8389632
16778240
33555456
67109888
134218752
268436480
536871936
1073742848
2147484672
2049
2050
2052
2056
2064
2080
2112
2176
2304
2560
3072
4096
6144
10240
18432
34816
67584
133120
264192
526336
1050624
2099200
4196352
8390656
16779264
33556480
67110912
134219776
268437504
536872960
1073743872
2147485696
4097
4098
4100
4104
4112
4128
4160
4224
4352
4608
5120
6144
8192
12288
20480
36864
69632
135168
266240
528384
1052672
2101248
4198400
8392704
16781312
33558528
67112960
134221824
268439552
536875008
1073745920
2147487744
8193
8194
8196
8200
8208
8224
8256
8320
8448
8704
9216
10240
12288
16384
24576
40960
73728
139264
270336
532480
1056768
2105344
4202496
8396800
16785408
33562624
67117056
134225920
268443648
536879104
1073750016
2147491840
16385
16386
16388
16392
16400
16416
16448
16512
16640
16896
17408
18432
20480
24576
32768
49152
81920
147456
278528
540672
1064960
2113536
4210688
8404992
16793600
33570816
67125248
134234112
268451840
536887296
1073758208
2147500032
32769
32770
32772
32776
32784
32800
32832
32896
33024
33280
33792
34816
36864
40960
49152
65536
98304
163840
294912
557056
1081344
2129920
4227072
8421376
16809984
33587200
67141632
134250496
268468224
536903680
1073774592
2147516416
65537
65538
65540
65544
65552
65568
65600
65664
65792
66048
66560
67584
69632
73728
81920
98304
131072
196608
327680
589824
1114112
2162688
4259840
8454144
16842752
33619968
67174400
134283264
268500992
536936448
1073807360
2147549184
131073
131074
131076
131080
131088
131104
131136
131200
131328
131584
132096
133120
135168
139264
147456
163840
196608
262144
393216
655360
1179648
2228224
4325376
8519680
16908288
33685504
67239936
134348800
268566528
537001984
1073872896
2147614720
262145
262146
262148
262152
262160
262176
262208
262272
262400
262656
263168
264192
266240
270336
278528
294912
327680
393216
524288
786432
1310720
2359296
4456448
8650752
17039360
33816576
67371008
134479872
268697600
537133056
1074003968
2147745792
524289
524290
524292
524296
524304
524320
524352
524416
524544
524800
525312
526336
528384
532480
540672
557056
589824
655360
786432
1048576
1572864
2621440
4718592
8912896
17301504
34078720
67633152
134742016
268959744
537395200
1074266112
2148007936
1048577
1048578
1048580
1048584
1048592
1048608
1048640
1048704
1048832
1049088
1049600
1050624
1052672
1056768
1064960
1081344
1114112
1179648
1310720
1572864
2097152
3145728
5242880
9437184
17825792
34603008
68157440
135266304
269484032
537919488
1074790400
2148532224
2097153
2097154
2097156
2097160
2097168
2097184
2097216
2097280
2097408
2097664
2098176
2099200
2101248
2105344
2113536
2129920
2162688
2228224
2359296
2621440
3145728
4194304
6291456
10485760
18874368
35651584
69206016
136314880
270532608
538968064
1075838976
2149580800
4194305
4194306
4194308
4194312
4194320
4194336
4194368
4194432
4194560
4194816
4195328
4196352
4198400
4202496
4210688
4227072
4259840
4325376
4456448
4718592
5242880
6291456
8388608
12582912
20971520
37748736
71303168
138412032
272629760
541065216
1077936128
2151677952
8388609
8388610
8388612
8388616
8388624
8388640
8388672
8388736
8388864
8389120
8389632
8390656
8392704
8396800
8404992
8421376
8454144
8519680
8650752
8912896
9437184
10485760
12582912
16777216
25165824
41943040
75497472
142606336
276824064
545259520
1082130432
2155872256
16777217
16777218
16777220
16777224
16777232
16777248
16777280
16777344
16777472
16777728
16778240
16779264
16781312
16785408
16793600
16809984
16842752
16908288
17039360
17301504
17825792
18874368
20971520
25165824
33554432
50331648
83886080
150994944
285212672
553648128
1090519040
2164260864
33554433
33554434
33554436
33554440
33554448
33554464
33554496
33554560
33554688
33554944
33555456
33556480
33558528
33562624
33570816
33587200
33619968
33685504
33816576
34078720
34603008
35651584
37748736
41943040
50331648
67108864
100663296
167772160
301989888
570425344
1107296256
2181038080
67108865
67108866
67108868
67108872
67108880
67108896
67108928
67108992
67109120
67109376
67109888
67110912
67112960
67117056
67125248
67141632
67174400
67239936
67371008
67633152
68157440
69206016
71303168
75497472
83886080
100663296
134217728
201326592
335544320
603979776
1140850688
2214592512
134217729
134217730
134217732
134217736
134217744
134217760
134217792
134217856
134217984
134218240
134218752
134219776
134221824
134225920
134234112
134250496
134283264
134348800
134479872
134742016
135266304
136314880
138412032
142606336
150994944
167772160
201326592
268435456
402653184
671088640
1207959552
2281701376
268435457
268435458
268435460
268435464
268435472
268435488
268435520
268435584
268435712
268435968
268436480
268437504
268439552
268443648
268451840
268468224
268500992
268566528
268697600
268959744
269484032
270532608
272629760
276824064
285212672
301989888
335544320
402653184
536870912
805306368
1342177280
2415919104
536870913
536870914
536870916
536870920
536870928
536870944
536870976
536871040
536871168
536871424
536871936
536872960
536875008
536879104
536887296
536903680
536936448
537001984
537133056
537395200
537919488
538968064
541065216
545259520
553648128
570425344
603979776
671088640
805306368
1073741824
1610612736
2684354560
1073741825
1073741826
1073741828
1073741832
1073741840
1073741856
1073741888
1073741952
1073742080
1073742336
1073742848
1073743872
1073745920
1073750016
1073758208
1073774592
1073807360
1073872896
1074003968
1074266112
1074790400
1075838976
1077936128
1082130432
1090519040
1107296256
1140850688
1207959552
1342177280
1610612736
2147483648
3221225472
2147483649
2147483650
2147483652
2147483656
2147483664
2147483680
2147483712
2147483776
2147483904
2147484160
2147484672
2147485696
2147487744
2147491840
2147500032
2147516416
2147549184
2147614720
2147745792
2148007936
2148532224
2149580800
2151677952
2155872256
2164260864
2181038080
2214592512
2281701376
2415919104
2684354560
3221225472
0
6
14
30
62
126
254
510
1022
2046
4094
8190
16382
32766
65534
131070
262142
524286
1048574
2097150
4194302
8388606
16777214
33554430
67108862
134217726
268435454
536870910
1073741822
2147483646
4294967294
4294967294
