0
0
0
0
0
0
0
0
0
0
0
0
0
0
0
0
0
0
0
0
0
0
0
0
0
0
0
0
0
0
0
0
1
0
0
0
0
0
0
0
0
0
0
0
0
0
0
0
0
0
0
0
0
0
0
0
0
0
0
0
0
0
0
0
2
1
0
0
0
0
0
0
0
0
0
0
0
0
0
0
0
0
0
0
0
0
0
0
0
0
0
0
0
0
0
0
4
2
1
0
0
0
0
0
0
0
0
0
0
0
0
0
0
0
0
0
0
0
0
0
0
0
0
0
0
0
0
0
8
4
2
1
0
0
0
0
0
0
0
0
0
0
0
0
0
0
0
0
0
0
0
0
0
0
0
0
0
0
0
0
16
8
4
2
1
0
0
0
0
0
0
0
0
0
0
0
0
0
0
0
0
0
0
0
0
0
0
0
0
0
0
0
32
16
8
4
2
1
0
0
0
0
0
0
0
0
0
0
0
0
0
0
0
0
0
0
0
0
0
0
0
0
0
0
64
32
16
8
4
2
1
0
0
0
0
0
0
0
0
0
0
0
0
0
0
0
0
0
0
0
0
0
0
0
0
0
128
64
32
16
8
4
2
1
0
0
0
0
0
0
0
0
0
0
0
0
0
0
0
0
0
0
0
0
0
0
0
0
256
128
64
32
16
8
4
2
1
0
0
0
0
0
0
0
0
0
0
0
0
0
0
0
0
0
0
0
0
0
0
0
512
256
128
64
32
16
8
4
2
1
0
0
0
0
0
0
0
0
0
0
0
0
0
0
0
0
0
0
0
0
0
0
1024
512
256
128
64
32
16
8
4
2
1
0
0
0
0
0
0
0
0
0
0
0
0
0
0
0
0
0
0
0
0
0
2048
1024
512
256
128
64
32
16
8
4
2
1
0
0
0
0
0
0
0
0
0
0
0
0
0
0
0
0
0
0
0
0
4096
2048
1024
512
256
128
64
32
16
8
4
2
1
0
0
0
0
0
0
0
0
0
0
0
0
0
0
0
0
0
0
0
8192
4096
2048
1024
512
256
128
64
32
16
8
4
2
1
0
0
0
0
0
0
0
0
0
0
0
0
0
0
0
0
0
0
16384
8192
4096
2048
1024
512
256
128
64
32
16
8
4
2
1
0
0
0
0
0
0
0
0
0
0
0
0
0
0
0
0
0
32768
16384
8192
4096
2048
1024
512
256
128
64
32
16
8
4
2
1
0
0
0
0
0
0
0
0
0
0
0
0
0
0
0
0
65536
32768
16384
8192
4096
2048
1024
512
256
128
64
32
16
8
4
2
1
0
0
0
0
0
0
0
0
0
0
0
0
0
0
0
131072
65536
32768
16384
8192
4096
2048
1024
512
256
128
64
32
16
8
4
2
1
0
0
0
0
0
0
0
0
0
0
0
0
0
0
262144
131072
65536
32768
16384
8192
4096
2048
1024
512
256
128
64
32
16
8
4
2
1
0
0
0
0
0
0
0
0
0
0
0
0
0
524288
262144
131072
65536
32768
16384
8192
4096
2048
1024
512
256
128
64
32
16
8
4
2
1
0
0
0
0
0
0
0
0
0
0
0
0
1048576
524288
262144
131072
65536
32768
16384
8192
4096
2048
1024
512
256
128
64
32
16
8
4
2
1
0
0
0
0
0
0
0
0
0
0
0
2097152
1048576
524288
262144
131072
65536
32768
16384
8192
4096
2048
1024
512
256
128
64
32
16
8
4
2
1
0
0
0
0
0
0
0
0
0
0
4194304
2097152
1048576
524288
262144
131072
65536
32768
16384
8192
4096
2048
1024
512
256
128
64
32
16
8
4
2
1
0
0
0
0
0
0
0
0
0
8388608
4194304
2097152
1048576
524288
262144
131072
65536
32768
16384
8192
4096
2048
1024
512
256
128
64
32
16
8
4
2
1
0
0
0
0
0
0
0
0
16777216
8388608
4194304
2097152
1048576
524288
262144
131072
65536
32768
16384
8192
4096
2048
1024
512
256
128
64
32
16
8
4
2
1
0
0
0
0
0
0
0
33554432
16777216
8388608
4194304
2097152
1048576
524288
262144
131072
65536
32768
16384
8192
4096
2048
1024
512
256
128
64
32
16
8
4
2
1
0
0
0
0
0
0
67108864
33554432
16777216
8388608
4194304
2097152
1048576
524288
262144
131072
65536
32768
16384
8192
4096
2048
1024
512
256
128
64
32
16
8
4
2
1
0
0
0
0
0
134217728
67108864
33554432
16777216
8388608
4194304
2097152
1048576
524288
262144
131072
65536
32768
16384
8192
4096
2048
1024
512
256
128
64
32
16
8
4
2
1
0
0
0
0
268435456
134217728
67108864
33554432
16777216
8388608
4194304
2097152
1048576
524288
262144
131072
65536
32768
16384
8192
4096
2048
1024
512
256
128
64
32
16
8
4
2
1
0
0
0
536870912
268435456
134217728
67108864
33554432
16777216
8388608
4194304
2097152
1048576
524288
262144
131072
65536
32768
16384
8192
4096
2048
1024
512
256
128
64
32
16
8
4
2
1
0
0
1073741824
536870912
268435456
134217728
67108864
33554432
16777216
8388608
4194304
2097152
1048576
524288
262144
131072
65536
32768
16384
8192
4096
2048
1024
512
256
128
64
32
16
8
4
2
1
0
2147483648
1073741824
536870912
268435456
134217728
67108864
33554432
16777216
8388608
4194304
2097152
1048576
524288
262144
131072
65536
32768
16384
8192
4096
2048
1024
512
256
128
64
32
16
8
4
2
1
1
1
1
1
1
1
1
1
1
1
1
1
1
1
1
1
1
1
1
1
1
1
1
1
1
1
1
1
1
1
1
