0
0
0
0
0
0
0
0
0
0
0
1
2
4
8
16
32
64
128
256
512
4294966272
2
2
4
8
16
32
64
128
256
512
4294966272
4
4
4
8
16
32
64
128
256
512
4294966272
8
8
8
8
16
32
64
128
256
512
4294966272
16
16
16
16
16
32
64
128
256
512
4294966272
32
32
32
32
32
32
64
128
256
512
4294966272
64
64
64
64
64
64
64
128
256
512
4294966272
128
128
128
128
128
128
128
128
256
512
4294966272
256
256
256
256
256
256
256
256
256
512
4294966272
512
512
512
512
512
512
512
512
512
512
4294966272
1024
1024
1024
1024
1024
1024
1024
1024
1024
1024
4294966272
3
7
15
31
63
127
255
511
1023
4294967295
