0
0
0
0
0
0
0
0
0
0
0
1
2
4
8
16
32
64
128
256
512
4294966272
2
4
8
16
32
64
128
256
512
1024
4294965248
4
8
16
32
64
128
256
512
1024
2048
4294963200
8
16
32
64
128
256
512
1024
2048
4096
4294959104
16
32
64
128
256
512
1024
2048
4096
8192
4294950912
32
64
128
256
512
1024
2048
4096
8192
16384
4294934528
64
128
256
512
1024
2048
4096
8192
16384
32768
4294901760
128
256
512
1024
2048
4096
8192
16384
32768
65536
4294836224
256
512
1024
2048
4096
8192
16384
32768
65536
131072
4294705152
512
1024
2048
4096
8192
16384
32768
65536
131072
262144
4294443008
1024
2048
4096
8192
16384
32768
65536
131072
262144
524288
4293918720
9
49
225
961
3969
16129
65025
261121
1046529
4294965249
