4294967294
4294967293
4294967291
4294967287
4294967279
4294967263
4294967231
4294967167
4294967039
4294966783
4294966271
4294965247
4294963199
4294959103
4294950911
4294934527
4294901759
4294836223
4294705151
4294443007
4293918719
4292870143
4290772991
4286578687
4278190079
4261412863
4227858431
4160749567
4026531839
3758096383
3221225471
2147483647
4294967294
4294967292
4294967290
4294967286
4294967278
4294967262
4294967230
4294967166
4294967038
4294966782
4294966270
4294965246
4294963198
4294959102
4294950910
4294934526
4294901758
4294836222
4294705150
4294443006
4293918718
4292870142
4290772990
4286578686
4278190078
4261412862
4227858430
4160749566
4026531838
3758096382
3221225470
2147483646
4294967292
4294967293
4294967289
4294967285
4294967277
4294967261
4294967229
4294967165
4294967037
4294966781
4294966269
4294965245
4294963197
4294959101
4294950909
4294934525
4294901757
4294836221
4294705149
4294443005
4293918717
4292870141
4290772989
4286578685
4278190077
4261412861
4227858429
4160749565
4026531837
3758096381
3221225469
2147483645
4294967290
4294967289
4294967291
4294967283
4294967275
4294967259
4294967227
4294967163
4294967035
4294966779
4294966267
4294965243
4294963195
4294959099
4294950907
4294934523
4294901755
4294836219
4294705147
4294443003
4293918715
4292870139
4290772987
4286578683
4278190075
4261412859
4227858427
4160749563
4026531835
3758096379
3221225467
2147483643
4294967286
4294967285
4294967283
4294967287
4294967271
4294967255
4294967223
4294967159
4294967031
4294966775
4294966263
4294965239
4294963191
4294959095
4294950903
4294934519
4294901751
4294836215
4294705143
4294442999
4293918711
4292870135
4290772983
4286578679
4278190071
4261412855
4227858423
4160749559
4026531831
3758096375
3221225463
2147483639
4294967278
4294967277
4294967275
4294967271
4294967279
4294967247
4294967215
4294967151
4294967023
4294966767
4294966255
4294965231
4294963183
4294959087
4294950895
4294934511
4294901743
4294836207
4294705135
4294442991
4293918703
4292870127
4290772975
4286578671
4278190063
4261412847
4227858415
4160749551
4026531823
3758096367
3221225455
2147483631
4294967262
4294967261
4294967259
4294967255
4294967247
4294967263
4294967199
4294967135
4294967007
4294966751
4294966239
4294965215
4294963167
4294959071
4294950879
4294934495
4294901727
4294836191
4294705119
4294442975
4293918687
4292870111
4290772959
4286578655
4278190047
4261412831
4227858399
4160749535
4026531807
3758096351
3221225439
2147483615
4294967230
4294967229
4294967227
4294967223
4294967215
4294967199
4294967231
4294967103
4294966975
4294966719
4294966207
4294965183
4294963135
4294959039
4294950847
4294934463
4294901695
4294836159
4294705087
4294442943
4293918655
4292870079
4290772927
4286578623
4278190015
4261412799
4227858367
4160749503
4026531775
3758096319
3221225407
2147483583
4294967166
4294967165
4294967163
4294967159
4294967151
4294967135
4294967103
4294967167
4294966911
4294966655
4294966143
4294965119
4294963071
4294958975
4294950783
4294934399
4294901631
4294836095
4294705023
4294442879
4293918591
4292870015
4290772863
4286578559
4278189951
4261412735
4227858303
4160749439
4026531711
3758096255
3221225343
2147483519
4294967038
4294967037
4294967035
4294967031
4294967023
4294967007
4294966975
4294966911
4294967039
4294966527
4294966015
4294964991
4294962943
4294958847
4294950655
4294934271
4294901503
4294835967
4294704895
4294442751
4293918463
4292869887
4290772735
4286578431
4278189823
4261412607
4227858175
4160749311
4026531583
3758096127
3221225215
2147483391
4294966782
4294966781
4294966779
4294966775
4294966767
4294966751
4294966719
4294966655
4294966527
4294966783
4294965759
4294964735
4294962687
4294958591
4294950399
4294934015
4294901247
4294835711
4294704639
4294442495
4293918207
4292869631
4290772479
4286578175
4278189567
4261412351
4227857919
4160749055
4026531327
3758095871
3221224959
2147483135
4294966270
4294966269
4294966267
4294966263
4294966255
4294966239
4294966207
4294966143
4294966015
4294965759
4294966271
4294964223
4294962175
4294958079
4294949887
4294933503
4294900735
4294835199
4294704127
4294441983
4293917695
4292869119
4290771967
4286577663
4278189055
4261411839
4227857407
4160748543
4026530815
3758095359
3221224447
2147482623
4294965246
4294965245
4294965243
4294965239
4294965231
4294965215
4294965183
4294965119
4294964991
4294964735
4294964223
4294965247
4294961151
4294957055
4294948863
4294932479
4294899711
4294834175
4294703103
4294440959
4293916671
4292868095
4290770943
4286576639
4278188031
4261410815
4227856383
4160747519
4026529791
3758094335
3221223423
2147481599
4294963198
4294963197
4294963195
4294963191
4294963183
4294963167
4294963135
4294963071
4294962943
4294962687
4294962175
4294961151
4294963199
4294955007
4294946815
4294930431
4294897663
4294832127
4294701055
4294438911
4293914623
4292866047
4290768895
4286574591
4278185983
4261408767
4227854335
4160745471
4026527743
3758092287
3221221375
2147479551
4294959102
4294959101
4294959099
4294959095
4294959087
4294959071
4294959039
4294958975
4294958847
4294958591
4294958079
4294957055
4294955007
4294959103
4294942719
4294926335
4294893567
4294828031
4294696959
4294434815
4293910527
4292861951
4290764799
4286570495
4278181887
4261404671
4227850239
4160741375
4026523647
3758088191
3221217279
2147475455
4294950910
4294950909
4294950907
4294950903
4294950895
4294950879
4294950847
4294950783
4294950655
4294950399
4294949887
4294948863
4294946815
4294942719
4294950911
4294918143
4294885375
4294819839
4294688767
4294426623
4293902335
4292853759
4290756607
4286562303
4278173695
4261396479
4227842047
4160733183
4026515455
3758079999
3221209087
2147467263
4294934526
4294934525
4294934523
4294934519
4294934511
4294934495
4294934463
4294934399
4294934271
4294934015
4294933503
4294932479
4294930431
4294926335
4294918143
4294934527
4294868991
4294803455
4294672383
4294410239
4293885951
4292837375
4290740223
4286545919
4278157311
4261380095
4227825663
4160716799
4026499071
3758063615
3221192703
2147450879
4294901758
4294901757
4294901755
4294901751
4294901743
4294901727
4294901695
4294901631
4294901503
4294901247
4294900735
4294899711
4294897663
4294893567
4294885375
4294868991
4294901759
4294770687
4294639615
4294377471
4293853183
4292804607
4290707455
4286513151
4278124543
4261347327
4227792895
4160684031
4026466303
3758030847
3221159935
2147418111
4294836222
4294836221
4294836219
4294836215
4294836207
4294836191
4294836159
4294836095
4294835967
4294835711
4294835199
4294834175
4294832127
4294828031
4294819839
4294803455
4294770687
4294836223
4294574079
4294311935
4293787647
4292739071
4290641919
4286447615
4278059007
4261281791
4227727359
4160618495
4026400767
3757965311
3221094399
2147352575
4294705150
4294705149
4294705147
4294705143
4294705135
4294705119
4294705087
4294705023
4294704895
4294704639
4294704127
4294703103
4294701055
4294696959
4294688767
4294672383
4294639615
4294574079
4294705151
4294180863
4293656575
4292607999
4290510847
4286316543
4277927935
4261150719
4227596287
4160487423
4026269695
3757834239
3220963327
2147221503
4294443006
4294443005
4294443003
4294442999
4294442991
4294442975
4294442943
4294442879
4294442751
4294442495
4294441983
4294440959
4294438911
4294434815
4294426623
4294410239
4294377471
4294311935
4294180863
4294443007
4293394431
4292345855
4290248703
4286054399
4277665791
4260888575
4227334143
4160225279
4026007551
3757572095
3220701183
2146959359
4293918718
4293918717
4293918715
4293918711
4293918703
4293918687
4293918655
4293918591
4293918463
4293918207
4293917695
4293916671
4293914623
4293910527
4293902335
4293885951
4293853183
4293787647
4293656575
4293394431
4293918719
4291821567
4289724415
4285530111
4277141503
4260364287
4226809855
4159700991
4025483263
3757047807
3220176895
2146435071
4292870142
4292870141
4292870139
4292870135
4292870127
4292870111
4292870079
4292870015
4292869887
4292869631
4292869119
4292868095
4292866047
4292861951
4292853759
4292837375
4292804607
4292739071
4292607999
4292345855
4291821567
4292870143
4288675839
4284481535
4276092927
4259315711
4225761279
4158652415
4024434687
3755999231
3219128319
2145386495
4290772990
4290772989
4290772987
4290772983
4290772975
4290772959
4290772927
4290772863
4290772735
4290772479
4290771967
4290770943
4290768895
4290764799
4290756607
4290740223
4290707455
4290641919
4290510847
4290248703
4289724415
4288675839
4290772991
4282384383
4273995775
4257218559
4223664127
4156555263
4022337535
3753902079
3217031167
2143289343
4286578686
4286578685
4286578683
4286578679
4286578671
4286578655
4286578623
4286578559
4286578431
4286578175
4286577663
4286576639
4286574591
4286570495
4286562303
4286545919
4286513151
4286447615
4286316543
4286054399
4285530111
4284481535
4282384383
4286578687
4269801471
4253024255
4219469823
4152360959
4018143231
3749707775
3212836863
2139095039
4278190078
4278190077
4278190075
4278190071
4278190063
4278190047
4278190015
4278189951
4278189823
4278189567
4278189055
4278188031
4278185983
4278181887
4278173695
4278157311
4278124543
4278059007
4277927935
4277665791
4277141503
4276092927
4273995775
4269801471
4278190079
4244635647
4211081215
4143972351
4009754623
3741319167
3204448255
2130706431
4261412862
4261412861
4261412859
4261412855
4261412847
4261412831
4261412799
4261412735
4261412607
4261412351
4261411839
4261410815
4261408767
4261404671
4261396479
4261380095
4261347327
4261281791
4261150719
4260888575
4260364287
4259315711
4257218559
4253024255
4244635647
4261412863
4194303999
4127195135
3992977407
3724541951
3187671039
2113929215
4227858430
4227858429
4227858427
4227858423
4227858415
4227858399
4227858367
4227858303
4227858175
4227857919
4227857407
4227856383
4227854335
4227850239
4227842047
4227825663
4227792895
4227727359
4227596287
4227334143
4226809855
4225761279
4223664127
4219469823
4211081215
4194303999
4227858431
4093640703
3959422975
3690987519
3154116607
2080374783
4160749566
4160749565
4160749563
4160749559
4160749551
4160749535
4160749503
4160749439
4160749311
4160749055
4160748543
4160747519
4160745471
4160741375
4160733183
4160716799
4160684031
4160618495
4160487423
4160225279
4159700991
4158652415
4156555263
4152360959
4143972351
4127195135
4093640703
4160749567
3892314111
3623878655
3087007743
2013265919
4026531838
4026531837
4026531835
4026531831
4026531823
4026531807
4026531775
4026531711
4026531583
4026531327
4026530815
4026529791
4026527743
4026523647
4026515455
4026499071
4026466303
4026400767
4026269695
4026007551
4025483263
4024434687
4022337535
4018143231
4009754623
3992977407
3959422975
3892314111
4026531839
3489660927
2952790015
1879048191
3758096382
3758096381
3758096379
3758096375
3758096367
3758096351
3758096319
3758096255
3758096127
3758095871
3758095359
3758094335
3758092287
3758088191
3758079999
3758063615
3758030847
3757965311
3757834239
3757572095
3757047807
3755999231
3753902079
3749707775
3741319167
3724541951
3690987519
3623878655
3489660927
3758096383
2684354559
1610612735
3221225470
3221225469
3221225467
3221225463
3221225455
3221225439
3221225407
3221225343
3221225215
3221224959
3221224447
3221223423
3221221375
3221217279
3221209087
3221192703
3221159935
3221094399
3220963327
3220701183
3220176895
3219128319
3217031167
3212836863
3204448255
3187671039
3154116607
3087007743
2952790015
2684354559
3221225471
1073741823
2147483646
2147483645
2147483643
2147483639
2147483631
2147483615
2147483583
2147483519
2147483391
2147483135
2147482623
2147481599
2147479551
2147475455
2147467263
2147450879
2147418111
2147352575
2147221503
2146959359
2146435071
2145386495
2143289343
2139095039
2130706431
2113929215
2080374783
2013265919
1879048191
1610612735
1073741823
2147483647
4294967292
4294967288
4294967280
4294967264
4294967232
4294967168
4294967040
4294966784
4294966272
4294965248
4294963200
4294959104
4294950912
4294934528
4294901760
4294836224
4294705152
4294443008
4293918720
4292870144
4290772992
4286578688
4278190080
4261412864
4227858432
4160749568
4026531840
3758096384
3221225472
2147483648
0
