4294967295
4294967295
4294967295
4294967295
4294967295
4294967295
4294967295
4294967295
4294967295
4294967295
4294967295
4294967295
4294967295
4294967295
4294967295
4294967295
4294967295
4294967295
4294967295
4294967295
4294967295
4294967295
4294967295
4294967295
4294967295
4294967295
4294967295
4294967295
4294967295
4294967295
4294967295
4294967295
4294967294
4294967294
4294967294
4294967294
4294967294
4294967294
4294967294
4294967294
4294967294
4294967294
4294967294
4294967294
4294967294
4294967294
4294967294
4294967294
4294967294
4294967294
4294967294
4294967294
4294967294
4294967294
4294967294
4294967294
4294967294
4294967294
4294967294
4294967294
4294967294
4294967294
4294967294
4294967294
4294967293
4294967293
4294967293
4294967293
4294967293
4294967293
4294967293
4294967293
4294967293
4294967293
4294967293
4294967293
4294967293
4294967293
4294967293
4294967293
4294967293
4294967293
4294967293
4294967293
4294967293
4294967293
4294967293
4294967293
4294967293
4294967293
4294967293
4294967293
4294967293
4294967293
4294967293
4294967293
4294967291
4294967291
4294967291
4294967291
4294967291
4294967291
4294967291
4294967291
4294967291
4294967291
4294967291
4294967291
4294967291
4294967291
4294967291
4294967291
4294967291
4294967291
4294967291
4294967291
4294967291
4294967291
4294967291
4294967291
4294967291
4294967291
4294967291
4294967291
4294967291
4294967291
4294967291
4294967291
4294967287
4294967287
4294967287
4294967287
4294967287
4294967287
4294967287
4294967287
4294967287
4294967287
4294967287
4294967287
4294967287
4294967287
4294967287
4294967287
4294967287
4294967287
4294967287
4294967287
4294967287
4294967287
4294967287
4294967287
4294967287
4294967287
4294967287
4294967287
4294967287
4294967287
4294967287
4294967287
4294967279
4294967279
4294967279
4294967279
4294967279
4294967279
4294967279
4294967279
4294967279
4294967279
4294967279
4294967279
4294967279
4294967279
4294967279
4294967279
4294967279
4294967279
4294967279
4294967279
4294967279
4294967279
4294967279
4294967279
4294967279
4294967279
4294967279
4294967279
4294967279
4294967279
4294967279
4294967279
4294967263
4294967263
4294967263
4294967263
4294967263
4294967263
4294967263
4294967263
4294967263
4294967263
4294967263
4294967263
4294967263
4294967263
4294967263
4294967263
4294967263
4294967263
4294967263
4294967263
4294967263
4294967263
4294967263
4294967263
4294967263
4294967263
4294967263
4294967263
4294967263
4294967263
4294967263
4294967263
4294967231
4294967231
4294967231
4294967231
4294967231
4294967231
4294967231
4294967231
4294967231
4294967231
4294967231
4294967231
4294967231
4294967231
4294967231
4294967231
4294967231
4294967231
4294967231
4294967231
4294967231
4294967231
4294967231
4294967231
4294967231
4294967231
4294967231
4294967231
4294967231
4294967231
4294967231
4294967231
4294967167
4294967167
4294967167
4294967167
4294967167
4294967167
4294967167
4294967167
4294967167
4294967167
4294967167
4294967167
4294967167
4294967167
4294967167
4294967167
4294967167
4294967167
4294967167
4294967167
4294967167
4294967167
4294967167
4294967167
4294967167
4294967167
4294967167
4294967167
4294967167
4294967167
4294967167
4294967167
4294967039
4294967039
4294967039
4294967039
4294967039
4294967039
4294967039
4294967039
4294967039
4294967039
4294967039
4294967039
4294967039
4294967039
4294967039
4294967039
4294967039
4294967039
4294967039
4294967039
4294967039
4294967039
4294967039
4294967039
4294967039
4294967039
4294967039
4294967039
4294967039
4294967039
4294967039
4294967039
4294966783
4294966783
4294966783
4294966783
4294966783
4294966783
4294966783
4294966783
4294966783
4294966783
4294966783
4294966783
4294966783
4294966783
4294966783
4294966783
4294966783
4294966783
4294966783
4294966783
4294966783
4294966783
4294966783
4294966783
4294966783
4294966783
4294966783
4294966783
4294966783
4294966783
4294966783
4294966783
4294966271
4294966271
4294966271
4294966271
4294966271
4294966271
4294966271
4294966271
4294966271
4294966271
4294966271
4294966271
4294966271
4294966271
4294966271
4294966271
4294966271
4294966271
4294966271
4294966271
4294966271
4294966271
4294966271
4294966271
4294966271
4294966271
4294966271
4294966271
4294966271
4294966271
4294966271
4294966271
4294965247
4294965247
4294965247
4294965247
4294965247
4294965247
4294965247
4294965247
4294965247
4294965247
4294965247
4294965247
4294965247
4294965247
4294965247
4294965247
4294965247
4294965247
4294965247
4294965247
4294965247
4294965247
4294965247
4294965247
4294965247
4294965247
4294965247
4294965247
4294965247
4294965247
4294965247
4294965247
4294963199
4294963199
4294963199
4294963199
4294963199
4294963199
4294963199
4294963199
4294963199
4294963199
4294963199
4294963199
4294963199
4294963199
4294963199
4294963199
4294963199
4294963199
4294963199
4294963199
4294963199
4294963199
4294963199
4294963199
4294963199
4294963199
4294963199
4294963199
4294963199
4294963199
4294963199
4294963199
4294959103
4294959103
4294959103
4294959103
4294959103
4294959103
4294959103
4294959103
4294959103
4294959103
4294959103
4294959103
4294959103
4294959103
4294959103
4294959103
4294959103
4294959103
4294959103
4294959103
4294959103
4294959103
4294959103
4294959103
4294959103
4294959103
4294959103
4294959103
4294959103
4294959103
4294959103
4294959103
4294950911
4294950911
4294950911
4294950911
4294950911
4294950911
4294950911
4294950911
4294950911
4294950911
4294950911
4294950911
4294950911
4294950911
4294950911
4294950911
4294950911
4294950911
4294950911
4294950911
4294950911
4294950911
4294950911
4294950911
4294950911
4294950911
4294950911
4294950911
4294950911
4294950911
4294950911
4294950911
4294934527
4294934527
4294934527
4294934527
4294934527
4294934527
4294934527
4294934527
4294934527
4294934527
4294934527
4294934527
4294934527
4294934527
4294934527
4294934527
4294934527
4294934527
4294934527
4294934527
4294934527
4294934527
4294934527
4294934527
4294934527
4294934527
4294934527
4294934527
4294934527
4294934527
4294934527
4294934527
4294901759
4294901759
4294901759
4294901759
4294901759
4294901759
4294901759
4294901759
4294901759
4294901759
4294901759
4294901759
4294901759
4294901759
4294901759
4294901759
4294901759
4294901759
4294901759
4294901759
4294901759
4294901759
4294901759
4294901759
4294901759
4294901759
4294901759
4294901759
4294901759
4294901759
4294901759
4294901759
4294836223
4294836223
4294836223
4294836223
4294836223
4294836223
4294836223
4294836223
4294836223
4294836223
4294836223
4294836223
4294836223
4294836223
4294836223
4294836223
4294836223
4294836223
4294836223
4294836223
4294836223
4294836223
4294836223
4294836223
4294836223
4294836223
4294836223
4294836223
4294836223
4294836223
4294836223
4294836223
4294705151
4294705151
4294705151
4294705151
4294705151
4294705151
4294705151
4294705151
4294705151
4294705151
4294705151
4294705151
4294705151
4294705151
4294705151
4294705151
4294705151
4294705151
4294705151
4294705151
4294705151
4294705151
4294705151
4294705151
4294705151
4294705151
4294705151
4294705151
4294705151
4294705151
4294705151
4294705151
4294443007
4294443007
4294443007
4294443007
4294443007
4294443007
4294443007
4294443007
4294443007
4294443007
4294443007
4294443007
4294443007
4294443007
4294443007
4294443007
4294443007
4294443007
4294443007
4294443007
4294443007
4294443007
4294443007
4294443007
4294443007
4294443007
4294443007
4294443007
4294443007
4294443007
4294443007
4294443007
4293918719
4293918719
4293918719
4293918719
4293918719
4293918719
4293918719
4293918719
4293918719
4293918719
4293918719
4293918719
4293918719
4293918719
4293918719
4293918719
4293918719
4293918719
4293918719
4293918719
4293918719
4293918719
4293918719
4293918719
4293918719
4293918719
4293918719
4293918719
4293918719
4293918719
4293918719
4293918719
4292870143
4292870143
4292870143
4292870143
4292870143
4292870143
4292870143
4292870143
4292870143
4292870143
4292870143
4292870143
4292870143
4292870143
4292870143
4292870143
4292870143
4292870143
4292870143
4292870143
4292870143
4292870143
4292870143
4292870143
4292870143
4292870143
4292870143
4292870143
4292870143
4292870143
4292870143
4292870143
4290772991
4290772991
4290772991
4290772991
4290772991
4290772991
4290772991
4290772991
4290772991
4290772991
4290772991
4290772991
4290772991
4290772991
4290772991
4290772991
4290772991
4290772991
4290772991
4290772991
4290772991
4290772991
4290772991
4290772991
4290772991
4290772991
4290772991
4290772991
4290772991
4290772991
4290772991
4290772991
4286578687
4286578687
4286578687
4286578687
4286578687
4286578687
4286578687
4286578687
4286578687
4286578687
4286578687
4286578687
4286578687
4286578687
4286578687
4286578687
4286578687
4286578687
4286578687
4286578687
4286578687
4286578687
4286578687
4286578687
4286578687
4286578687
4286578687
4286578687
4286578687
4286578687
4286578687
4286578687
4278190079
4278190079
4278190079
4278190079
4278190079
4278190079
4278190079
4278190079
4278190079
4278190079
4278190079
4278190079
4278190079
4278190079
4278190079
4278190079
4278190079
4278190079
4278190079
4278190079
4278190079
4278190079
4278190079
4278190079
4278190079
4278190079
4278190079
4278190079
4278190079
4278190079
4278190079
4278190079
4261412863
4261412863
4261412863
4261412863
4261412863
4261412863
4261412863
4261412863
4261412863
4261412863
4261412863
4261412863
4261412863
4261412863
4261412863
4261412863
4261412863
4261412863
4261412863
4261412863
4261412863
4261412863
4261412863
4261412863
4261412863
4261412863
4261412863
4261412863
4261412863
4261412863
4261412863
4261412863
4227858431
4227858431
4227858431
4227858431
4227858431
4227858431
4227858431
4227858431
4227858431
4227858431
4227858431
4227858431
4227858431
4227858431
4227858431
4227858431
4227858431
4227858431
4227858431
4227858431
4227858431
4227858431
4227858431
4227858431
4227858431
4227858431
4227858431
4227858431
4227858431
4227858431
4227858431
4227858431
4160749567
4160749567
4160749567
4160749567
4160749567
4160749567
4160749567
4160749567
4160749567
4160749567
4160749567
4160749567
4160749567
4160749567
4160749567
4160749567
4160749567
4160749567
4160749567
4160749567
4160749567
4160749567
4160749567
4160749567
4160749567
4160749567
4160749567
4160749567
4160749567
4160749567
4160749567
4160749567
4026531839
4026531839
4026531839
4026531839
4026531839
4026531839
4026531839
4026531839
4026531839
4026531839
4026531839
4026531839
4026531839
4026531839
4026531839
4026531839
4026531839
4026531839
4026531839
4026531839
4026531839
4026531839
4026531839
4026531839
4026531839
4026531839
4026531839
4026531839
4026531839
4026531839
4026531839
4026531839
3758096383
3758096383
3758096383
3758096383
3758096383
3758096383
3758096383
3758096383
3758096383
3758096383
3758096383
3758096383
3758096383
3758096383
3758096383
3758096383
3758096383
3758096383
3758096383
3758096383
3758096383
3758096383
3758096383
3758096383
3758096383
3758096383
3758096383
3758096383
3758096383
3758096383
3758096383
3758096383
3221225471
3221225471
3221225471
3221225471
3221225471
3221225471
3221225471
3221225471
3221225471
3221225471
3221225471
3221225471
3221225471
3221225471
3221225471
3221225471
3221225471
3221225471
3221225471
3221225471
3221225471
3221225471
3221225471
3221225471
3221225471
3221225471
3221225471
3221225471
3221225471
3221225471
3221225471
3221225471
2147483647
2147483647
2147483647
2147483647
2147483647
2147483647
2147483647
2147483647
2147483647
2147483647
2147483647
2147483647
2147483647
2147483647
2147483647
2147483647
2147483647
2147483647
2147483647
2147483647
2147483647
2147483647
2147483647
2147483647
2147483647
2147483647
2147483647
2147483647
2147483647
2147483647
2147483647
2147483647
4294967292
4294967288
4294967280
4294967264
4294967232
4294967168
4294967040
4294966784
4294966272
4294965248
4294963200
4294959104
4294950912
4294934528
4294901760
4294836224
4294705152
4294443008
4293918720
4292870144
4290772992
4286578688
4278190080
4261412864
4227858432
4160749568
4026531840
3758096384
3221225472
2147483648
0
