0
0
0
0
0
0
0
0
0
0
0
0
0
0
0
0
0
0
0
0
0
0
0
0
0
0
0
0
0
0
0
0
16777216
16777216
16777216
16777216
16777216
16777216
16777216
16777216
16777216
16777216
16777216
16777216
16777216
16777216
16777216
16777216
16777216
16777216
16777216
16777216
16777216
16777216
16777216
16777216
16777216
16777216
16777216
16777216
16777216
16777216
16777216
16777216
33554432
33554432
33554432
33554432
33554432
33554432
33554432
33554432
33554432
33554432
33554432
33554432
33554432
33554432
33554432
33554432
33554432
33554432
33554432
33554432
33554432
33554432
33554432
33554432
33554432
33554432
33554432
33554432
33554432
33554432
33554432
33554432
67108864
67108864
67108864
67108864
67108864
67108864
67108864
67108864
67108864
67108864
67108864
67108864
67108864
67108864
67108864
67108864
67108864
67108864
67108864
67108864
67108864
67108864
67108864
67108864
67108864
67108864
67108864
67108864
67108864
67108864
67108864
67108864
134217728
134217728
134217728
134217728
134217728
134217728
134217728
134217728
134217728
134217728
134217728
134217728
134217728
134217728
134217728
134217728
134217728
134217728
134217728
134217728
134217728
134217728
134217728
134217728
134217728
134217728
134217728
134217728
134217728
134217728
134217728
134217728
268435456
268435456
268435456
268435456
268435456
268435456
268435456
268435456
268435456
268435456
268435456
268435456
268435456
268435456
268435456
268435456
268435456
268435456
268435456
268435456
268435456
268435456
268435456
268435456
268435456
268435456
268435456
268435456
268435456
268435456
268435456
268435456
536870912
536870912
536870912
536870912
536870912
536870912
536870912
536870912
536870912
536870912
536870912
536870912
536870912
536870912
536870912
536870912
536870912
536870912
536870912
536870912
536870912
536870912
536870912
536870912
536870912
536870912
536870912
536870912
536870912
536870912
536870912
536870912
1073741824
1073741824
1073741824
1073741824
1073741824
1073741824
1073741824
1073741824
1073741824
1073741824
1073741824
1073741824
1073741824
1073741824
1073741824
1073741824
1073741824
1073741824
1073741824
1073741824
1073741824
1073741824
1073741824
1073741824
1073741824
1073741824
1073741824
1073741824
1073741824
1073741824
1073741824
1073741824
2147483648
2147483648
2147483648
2147483648
2147483648
2147483648
2147483648
2147483648
2147483648
2147483648
2147483648
2147483648
2147483648
2147483648
2147483648
2147483648
2147483648
2147483648
2147483648
2147483648
2147483648
2147483648
2147483648
2147483648
2147483648
2147483648
2147483648
2147483648
2147483648
2147483648
2147483648
2147483648
65536
65536
65536
65536
65536
65536
65536
65536
65536
65536
65536
65536
65536
65536
65536
65536
65536
65536
65536
65536
65536
65536
65536
65536
65536
65536
65536
65536
65536
65536
65536
65536
131072
131072
131072
131072
131072
131072
131072
131072
131072
131072
131072
131072
131072
131072
131072
131072
131072
131072
131072
131072
131072
131072
131072
131072
131072
131072
131072
131072
131072
131072
131072
131072
262144
262144
262144
262144
262144
262144
262144
262144
262144
262144
262144
262144
262144
262144
262144
262144
262144
262144
262144
262144
262144
262144
262144
262144
262144
262144
262144
262144
262144
262144
262144
262144
524288
524288
524288
524288
524288
524288
524288
524288
524288
524288
524288
524288
524288
524288
524288
524288
524288
524288
524288
524288
524288
524288
524288
524288
524288
524288
524288
524288
524288
524288
524288
524288
1048576
1048576
1048576
1048576
1048576
1048576
1048576
1048576
1048576
1048576
1048576
1048576
1048576
1048576
1048576
1048576
1048576
1048576
1048576
1048576
1048576
1048576
1048576
1048576
1048576
1048576
1048576
1048576
1048576
1048576
1048576
1048576
2097152
2097152
2097152
2097152
2097152
2097152
2097152
2097152
2097152
2097152
2097152
2097152
2097152
2097152
2097152
2097152
2097152
2097152
2097152
2097152
2097152
2097152
2097152
2097152
2097152
2097152
2097152
2097152
2097152
2097152
2097152
2097152
4194304
4194304
4194304
4194304
4194304
4194304
4194304
4194304
4194304
4194304
4194304
4194304
4194304
4194304
4194304
4194304
4194304
4194304
4194304
4194304
4194304
4194304
4194304
4194304
4194304
4194304
4194304
4194304
4194304
4194304
4194304
4194304
8388608
8388608
8388608
8388608
8388608
8388608
8388608
8388608
8388608
8388608
8388608
8388608
8388608
8388608
8388608
8388608
8388608
8388608
8388608
8388608
8388608
8388608
8388608
8388608
8388608
8388608
8388608
8388608
8388608
8388608
8388608
8388608
256
256
256
256
256
256
256
256
256
256
256
256
256
256
256
256
256
256
256
256
256
256
256
256
256
256
256
256
256
256
256
256
512
512
512
512
512
512
512
512
512
512
512
512
512
512
512
512
512
512
512
512
512
512
512
512
512
512
512
512
512
512
512
512
1024
1024
1024
1024
1024
1024
1024
1024
1024
1024
1024
1024
1024
1024
1024
1024
1024
1024
1024
1024
1024
1024
1024
1024
1024
1024
1024
1024
1024
1024
1024
1024
2048
2048
2048
2048
2048
2048
2048
2048
2048
2048
2048
2048
2048
2048
2048
2048
2048
2048
2048
2048
2048
2048
2048
2048
2048
2048
2048
2048
2048
2048
2048
2048
4096
4096
4096
4096
4096
4096
4096
4096
4096
4096
4096
4096
4096
4096
4096
4096
4096
4096
4096
4096
4096
4096
4096
4096
4096
4096
4096
4096
4096
4096
4096
4096
8192
8192
8192
8192
8192
8192
8192
8192
8192
8192
8192
8192
8192
8192
8192
8192
8192
8192
8192
8192
8192
8192
8192
8192
8192
8192
8192
8192
8192
8192
8192
8192
16384
16384
16384
16384
16384
16384
16384
16384
16384
16384
16384
16384
16384
16384
16384
16384
16384
16384
16384
16384
16384
16384
16384
16384
16384
16384
16384
16384
16384
16384
16384
16384
32768
32768
32768
32768
32768
32768
32768
32768
32768
32768
32768
32768
32768
32768
32768
32768
32768
32768
32768
32768
32768
32768
32768
32768
32768
32768
32768
32768
32768
32768
32768
32768
1
1
1
1
1
1
1
1
1
1
1
1
1
1
1
1
1
1
1
1
1
1
1
1
1
1
1
1
1
1
1
1
2
2
2
2
2
2
2
2
2
2
2
2
2
2
2
2
2
2
2
2
2
2
2
2
2
2
2
2
2
2
2
2
4
4
4
4
4
4
4
4
4
4
4
4
4
4
4
4
4
4
4
4
4
4
4
4
4
4
4
4
4
4
4
4
8
8
8
8
8
8
8
8
8
8
8
8
8
8
8
8
8
8
8
8
8
8
8
8
8
8
8
8
8
8
8
8
16
16
16
16
16
16
16
16
16
16
16
16
16
16
16
16
16
16
16
16
16
16
16
16
16
16
16
16
16
16
16
16
32
32
32
32
32
32
32
32
32
32
32
32
32
32
32
32
32
32
32
32
32
32
32
32
32
32
32
32
32
32
32
32
64
64
64
64
64
64
64
64
64
64
64
64
64
64
64
64
64
64
64
64
64
64
64
64
64
64
64
64
64
64
64
64
128
128
128
128
128
128
128
128
128
128
128
128
128
128
128
128
128
128
128
128
128
128
128
128
128
128
128
128
128
128
128
128
50331648
117440512
251658240
520093696
1056964608
2130706432
4278190080
4278255616
4278386688
4278648832
4279173120
4280221696
4282318848
4286513152
4294901760
4294902016
4294902528
4294903552
4294905600
4294909696
4294917888
4294934272
4294967040
4294967041
4294967043
4294967047
4294967055
4294967071
4294967103
4294967167
4294967295
