0
0
0
0
0
0
0
0
0
0
0
0
0
0
0
0
0
0
0
0
0
0
0
0
0
0
0
0
0
0
0
0
2147483648
2147483648
2147483648
2147483648
2147483648
2147483648
2147483648
2147483648
2147483648
2147483648
2147483648
2147483648
2147483648
2147483648
2147483648
2147483648
2147483648
2147483648
2147483648
2147483648
2147483648
2147483648
2147483648
2147483648
2147483648
2147483648
2147483648
2147483648
2147483648
2147483648
2147483648
2147483648
1073741824
1073741824
1073741824
1073741824
1073741824
1073741824
1073741824
1073741824
1073741824
1073741824
1073741824
1073741824
1073741824
1073741824
1073741824
1073741824
1073741824
1073741824
1073741824
1073741824
1073741824
1073741824
1073741824
1073741824
1073741824
1073741824
1073741824
1073741824
1073741824
1073741824
1073741824
1073741824
536870912
536870912
536870912
536870912
536870912
536870912
536870912
536870912
536870912
536870912
536870912
536870912
536870912
536870912
536870912
536870912
536870912
536870912
536870912
536870912
536870912
536870912
536870912
536870912
536870912
536870912
536870912
536870912
536870912
536870912
536870912
536870912
268435456
268435456
268435456
268435456
268435456
268435456
268435456
268435456
268435456
268435456
268435456
268435456
268435456
268435456
268435456
268435456
268435456
268435456
268435456
268435456
268435456
268435456
268435456
268435456
268435456
268435456
268435456
268435456
268435456
268435456
268435456
268435456
134217728
134217728
134217728
134217728
134217728
134217728
134217728
134217728
134217728
134217728
134217728
134217728
134217728
134217728
134217728
134217728
134217728
134217728
134217728
134217728
134217728
134217728
134217728
134217728
134217728
134217728
134217728
134217728
134217728
134217728
134217728
134217728
67108864
67108864
67108864
67108864
67108864
67108864
67108864
67108864
67108864
67108864
67108864
67108864
67108864
67108864
67108864
67108864
67108864
67108864
67108864
67108864
67108864
67108864
67108864
67108864
67108864
67108864
67108864
67108864
67108864
67108864
67108864
67108864
33554432
33554432
33554432
33554432
33554432
33554432
33554432
33554432
33554432
33554432
33554432
33554432
33554432
33554432
33554432
33554432
33554432
33554432
33554432
33554432
33554432
33554432
33554432
33554432
33554432
33554432
33554432
33554432
33554432
33554432
33554432
33554432
16777216
16777216
16777216
16777216
16777216
16777216
16777216
16777216
16777216
16777216
16777216
16777216
16777216
16777216
16777216
16777216
16777216
16777216
16777216
16777216
16777216
16777216
16777216
16777216
16777216
16777216
16777216
16777216
16777216
16777216
16777216
16777216
8388608
8388608
8388608
8388608
8388608
8388608
8388608
8388608
8388608
8388608
8388608
8388608
8388608
8388608
8388608
8388608
8388608
8388608
8388608
8388608
8388608
8388608
8388608
8388608
8388608
8388608
8388608
8388608
8388608
8388608
8388608
8388608
4194304
4194304
4194304
4194304
4194304
4194304
4194304
4194304
4194304
4194304
4194304
4194304
4194304
4194304
4194304
4194304
4194304
4194304
4194304
4194304
4194304
4194304
4194304
4194304
4194304
4194304
4194304
4194304
4194304
4194304
4194304
4194304
2097152
2097152
2097152
2097152
2097152
2097152
2097152
2097152
2097152
2097152
2097152
2097152
2097152
2097152
2097152
2097152
2097152
2097152
2097152
2097152
2097152
2097152
2097152
2097152
2097152
2097152
2097152
2097152
2097152
2097152
2097152
2097152
1048576
1048576
1048576
1048576
1048576
1048576
1048576
1048576
1048576
1048576
1048576
1048576
1048576
1048576
1048576
1048576
1048576
1048576
1048576
1048576
1048576
1048576
1048576
1048576
1048576
1048576
1048576
1048576
1048576
1048576
1048576
1048576
524288
524288
524288
524288
524288
524288
524288
524288
524288
524288
524288
524288
524288
524288
524288
524288
524288
524288
524288
524288
524288
524288
524288
524288
524288
524288
524288
524288
524288
524288
524288
524288
262144
262144
262144
262144
262144
262144
262144
262144
262144
262144
262144
262144
262144
262144
262144
262144
262144
262144
262144
262144
262144
262144
262144
262144
262144
262144
262144
262144
262144
262144
262144
262144
131072
131072
131072
131072
131072
131072
131072
131072
131072
131072
131072
131072
131072
131072
131072
131072
131072
131072
131072
131072
131072
131072
131072
131072
131072
131072
131072
131072
131072
131072
131072
131072
65536
65536
65536
65536
65536
65536
65536
65536
65536
65536
65536
65536
65536
65536
65536
65536
65536
65536
65536
65536
65536
65536
65536
65536
65536
65536
65536
65536
65536
65536
65536
65536
32768
32768
32768
32768
32768
32768
32768
32768
32768
32768
32768
32768
32768
32768
32768
32768
32768
32768
32768
32768
32768
32768
32768
32768
32768
32768
32768
32768
32768
32768
32768
32768
16384
16384
16384
16384
16384
16384
16384
16384
16384
16384
16384
16384
16384
16384
16384
16384
16384
16384
16384
16384
16384
16384
16384
16384
16384
16384
16384
16384
16384
16384
16384
16384
8192
8192
8192
8192
8192
8192
8192
8192
8192
8192
8192
8192
8192
8192
8192
8192
8192
8192
8192
8192
8192
8192
8192
8192
8192
8192
8192
8192
8192
8192
8192
8192
4096
4096
4096
4096
4096
4096
4096
4096
4096
4096
4096
4096
4096
4096
4096
4096
4096
4096
4096
4096
4096
4096
4096
4096
4096
4096
4096
4096
4096
4096
4096
4096
2048
2048
2048
2048
2048
2048
2048
2048
2048
2048
2048
2048
2048
2048
2048
2048
2048
2048
2048
2048
2048
2048
2048
2048
2048
2048
2048
2048
2048
2048
2048
2048
1024
1024
1024
1024
1024
1024
1024
1024
1024
1024
1024
1024
1024
1024
1024
1024
1024
1024
1024
1024
1024
1024
1024
1024
1024
1024
1024
1024
1024
1024
1024
1024
512
512
512
512
512
512
512
512
512
512
512
512
512
512
512
512
512
512
512
512
512
512
512
512
512
512
512
512
512
512
512
512
256
256
256
256
256
256
256
256
256
256
256
256
256
256
256
256
256
256
256
256
256
256
256
256
256
256
256
256
256
256
256
256
128
128
128
128
128
128
128
128
128
128
128
128
128
128
128
128
128
128
128
128
128
128
128
128
128
128
128
128
128
128
128
128
64
64
64
64
64
64
64
64
64
64
64
64
64
64
64
64
64
64
64
64
64
64
64
64
64
64
64
64
64
64
64
64
32
32
32
32
32
32
32
32
32
32
32
32
32
32
32
32
32
32
32
32
32
32
32
32
32
32
32
32
32
32
32
32
16
16
16
16
16
16
16
16
16
16
16
16
16
16
16
16
16
16
16
16
16
16
16
16
16
16
16
16
16
16
16
16
8
8
8
8
8
8
8
8
8
8
8
8
8
8
8
8
8
8
8
8
8
8
8
8
8
8
8
8
8
8
8
8
4
4
4
4
4
4
4
4
4
4
4
4
4
4
4
4
4
4
4
4
4
4
4
4
4
4
4
4
4
4
4
4
2
2
2
2
2
2
2
2
2
2
2
2
2
2
2
2
2
2
2
2
2
2
2
2
2
2
2
2
2
2
2
2
1
1
1
1
1
1
1
1
1
1
1
1
1
1
1
1
1
1
1
1
1
1
1
1
1
1
1
1
1
1
1
1
3221225472
3758096384
4026531840
4160749568
4227858432
4261412864
4278190080
4286578688
4290772992
4292870144
4293918720
4294443008
4294705152
4294836224
4294901760
4294934528
4294950912
4294959104
4294963200
4294965248
4294966272
4294966784
4294967040
4294967168
4294967232
4294967264
4294967280
4294967288
4294967292
4294967294
4294967295
