0
0
0
0
0
0
0
0
0
0
0
1
2
4
8
16
32
64
128
256
512
1024
2
4
8
16
32
64
128
256
512
1024
2048
4
8
16
32
64
128
256
512
1024
2048
4096
8
16
32
64
128
256
512
1024
2048
4096
8192
16
32
64
128
256
512
1024
2048
4096
8192
16384
32
64
128
256
512
1024
2048
4096
8192
16384
32768
64
128
256
512
1024
2048
4096
8192
16384
32768
65536
128
256
512
1024
2048
4096
8192
16384
32768
65536
131072
256
512
1024
2048
4096
8192
16384
32768
65536
131072
262144
512
1024
2048
4096
8192
16384
32768
65536
131072
262144
524288
1024
2048
4096
8192
16384
32768
65536
131072
262144
524288
1048576
9
49
225
961
3969
16129
65025
261121
1046529
4190209
